('A', 'B')
[ 0.75  0.75  0.75  1.    1.    1.    1.    1.    1.    0.5 ]
0.875
----------------
('A', 'C')
[ 0.5   1.    0.75  0.75  0.75  1.    0.5   1.    1.    1.  ]
0.825
----------------
('A', 'D')
[ 1.    0.5   0.75  1.    1.    1.    0.5   1.    1.    0.5 ]
0.825
----------------
('A', 'E')
[ 0.75  0.75  1.    0.75  1.    1.    1.    0.5   0.5   0.5 ]
0.775
----------------
('A', 'F')
[ 1.    1.    1.    0.75  1.    1.    1.    1.    1.    0.5 ]
0.925
----------------
('A', 'G')
[ 0.75  0.75  0.75  0.5   1.    1.    1.    0.5   1.    0.5 ]
0.775
----------------
('A', 'I')
[ 1.    1.    0.75  0.75  0.5   0.5   1.    1.    1.    1.  ]
0.85
----------------
('A', 'L')
[ 0.75  1.    0.5   0.75  1.    1.    0.5   1.    1.    1.  ]
0.85
----------------
('A', 'M')
[ 0.5   0.75  0.75  0.75  0.75  1.    0.5   1.    1.    1.  ]
0.8
----------------
('A', 'N')
[ 0.75  1.    1.    1.    1.    1.    1.    0.5   1.    1.  ]
0.925
----------------
('A', 'O')
[ 1.    0.75  0.75  0.5   1.    1.    1.    1.    1.    1.  ]
0.9
----------------
('A', 'P')
[ 0.75  0.75  0.75  1.    0.75  1.    1.    1.    1.    0.5 ]
0.85
----------------
('A', 'Q')
[ 0.75  0.5   0.5   1.    1.    1.    1.    1.    1.    1.  ]
0.875
----------------
('A', 'R')
[ 0.5   0.75  1.    0.75  1.    1.    1.    1.    1.    0.5 ]
0.85
----------------
('A', 'S')
[ 0.5   0.5   1.    0.75  1.    1.    0.5   1.    1.    1.  ]
0.825
----------------
('A', 'T')
[ 0.75  1.    0.75  0.75  1.    1.    1.    1.    1.    0.5 ]
0.875
----------------
('A', 'U')
[ 1.    0.75  1.    1.    1.    1.    1.    1.    0.5   0.5 ]
0.875
----------------
('A', 'V')
[ 1.    1.    0.5   0.75  1.    1.    1.    0.5   1.    0.5 ]
0.825
----------------
('B', 'C')
[ 0.5   1.    0.5   0.75  1.    1.    1.    1.    0.5   1.  ]
0.825
----------------
('B', 'D')
[ 0.75  0.75  0.75  1.    0.75  1.    0.5   1.    0.5   0.5 ]
0.75
----------------
('B', 'E')
[ 1.    1.    0.75  0.25  1.    1.    1.    1.    0.5   1.  ]
0.85
----------------
('B', 'F')
[ 0.5   0.75  1.    0.5   0.25  0.5   0.5   0.5   0.5   1.  ]
0.6
----------------
('B', 'G')
[ 1.    0.75  0.75  0.5   1.    0.5   1.    1.    0.5   0.5 ]
0.75
----------------
('B', 'I')
[ 0.75  0.75  0.75  0.75  0.5   0.5   1.    1.    0.5   0.5 ]
0.7
----------------
('B', 'L')
[ 0.5   0.75  0.5   0.75  0.75  1.    0.5   1.    0.5   1.  ]
0.725
----------------
('B', 'M')
[ 0.5   0.75  1.    1.    1.    1.    1.    1.    0.5   1.  ]
0.875
----------------
('B', 'N')
[ 0.75  1.    1.    0.75  0.5   1.    0.5   1.    1.    1.  ]
0.85
----------------
('B', 'O')
[ 1.    1.    1.    0.5   0.25  1.    1.    1.    0.    0.5 ]
0.725
----------------
('B', 'P')
[ 0.5   0.75  0.5   1.    1.    1.    1.    1.    1.    1.  ]
0.875
----------------
('B', 'Q')
[ 0.75  1.    0.75  1.    0.75  1.    1.    1.    1.    1.  ]
0.925
----------------
('B', 'R')
[ 0.5   1.    0.5   0.75  0.75  1.    1.    1.    0.5   1.  ]
0.8
----------------
('B', 'S')
[ 1.   1.   1.   1.   1.   0.5  0.5  1.   1.   1. ]
0.9
----------------
('B', 'T')
[ 0.5   0.75  0.75  1.    0.25  0.5   1.    1.    0.5   0.5 ]
0.675
----------------
('B', 'U')
[ 0.75  0.5   0.5   1.    0.75  1.    1.    1.    1.    1.  ]
0.85
----------------
('B', 'V')
[ 0.5   1.    0.75  0.5   1.    1.    1.    1.    1.    1.  ]
0.875
----------------
('C', 'D')
[ 0.5  0.5  0.5  0.5  0.5  1.   0.5  1.   1.   1. ]
0.7
----------------
('C', 'E')
[ 0.5   0.75  0.5   0.5   0.75  1.    1.    1.    1.    1.  ]
0.8
----------------
('C', 'F')
[ 0.5   0.75  0.75  0.75  1.    1.    1.    1.    1.    1.  ]
0.875
----------------
('C', 'G')
[ 1.    0.75  0.5   0.75  1.    1.    1.    1.    1.    1.  ]
0.9
----------------
('C', 'I')
[ 0.5   0.5   0.5   0.75  0.75  1.    1.    1.    0.5   0.5 ]
0.7
----------------
('C', 'L')
[ 0.5   0.75  0.5   0.5   0.75  1.    1.    1.    1.    1.  ]
0.8
----------------
('C', 'M')
[ 0.5   0.5   0.5   0.75  1.    1.    1.    1.    1.    1.  ]
0.825
----------------
('C', 'N')
[ 0.5   0.75  0.25  0.5   1.    1.    0.5   1.    1.    1.  ]
0.75
----------------
('C', 'O')
[ 0.5  0.5  0.5  0.5  0.5  1.   1.   0.5  1.   0.5]
0.65
----------------
('C', 'P')
[ 1.    0.75  0.5   0.5   1.    1.    1.    1.    1.    1.  ]
0.875
----------------
('C', 'Q')
[ 0.25  0.75  0.5   0.75  0.75  1.    1.    1.    1.    1.  ]
0.8
----------------
('C', 'R')
[ 0.5   0.75  0.5   0.5   0.75  1.    1.    0.5   1.    1.  ]
0.75
----------------
('C', 'S')
[ 0.5   1.    1.    0.75  0.5   0.5   0.5   1.    1.    1.  ]
0.775
----------------
('C', 'T')
[ 0.5  0.5  0.5  1.   1.   1.   1.   1.   1.   1. ]
0.85
----------------
('C', 'U')
[ 0.5   0.75  0.5   0.75  0.75  1.    1.    1.    0.5   1.  ]
0.775
----------------
('C', 'V')
[ 1.    0.75  0.5   0.5   0.75  1.    1.    1.    0.5   1.  ]
0.8
----------------
('D', 'E')
[ 0.75  1.    0.25  0.75  0.75  0.5   1.    1.    1.    0.5 ]
0.75
----------------
('D', 'F')
[ 0.75  1.    0.5   0.75  0.75  0.5   0.5   1.    0.5   1.  ]
0.725
----------------
('D', 'G')
[ 1.    0.75  0.5   1.    1.    1.    1.    1.    1.    1.  ]
0.925
----------------
('D', 'I')
[ 1.    0.75  0.75  0.75  0.5   1.    0.5   1.    1.    1.  ]
0.825
----------------
('D', 'L')
[ 1.    1.    0.75  0.75  0.75  1.    0.5   1.    1.    1.  ]
0.875
----------------
('D', 'M')
[ 0.5   0.5   0.5   1.    0.75  1.    1.    1.    1.    1.  ]
0.825
----------------
('D', 'N')
[ 1.    1.    0.75  1.    0.75  0.5   0.5   1.    1.    1.  ]
0.85
----------------
('D', 'O')
[ 1.    0.75  0.25  0.75  0.75  0.5   0.5   0.5   1.    1.  ]
0.7
----------------
('D', 'P')
[ 0.5   0.75  1.    0.75  0.75  1.    1.    1.    1.    1.  ]
0.875
----------------
('D', 'Q')
[ 1.    1.    0.75  1.    0.75  1.    1.    1.    1.    1.  ]
0.95
----------------
('D', 'R')
[ 0.5   1.    0.5   1.    0.75  1.    1.    1.    1.    1.  ]
0.875
----------------
('D', 'S')
[ 1.    1.    1.    0.75  0.75  0.5   0.5   1.    1.    1.  ]
0.85
----------------
('D', 'T')
[ 0.75  1.    0.75  0.75  0.75  1.    1.    1.    0.5   0.5 ]
0.8
----------------
('D', 'U')
[ 0.75  0.75  1.    0.75  1.    1.    1.    0.5   0.5   0.5 ]
0.775
----------------
('D', 'V')
[ 1.    1.    0.75  0.75  1.    1.    1.    1.    0.5   1.  ]
0.9
----------------
('E', 'F')
[ 1.    1.    0.75  0.5   0.5   1.    1.    1.    1.    0.5 ]
0.825
----------------
('E', 'G')
[ 0.5   0.75  0.25  0.75  1.    1.    1.    1.    0.5   0.5 ]
0.725
----------------
('E', 'I')
[ 1.    0.75  0.75  0.5   0.75  1.    1.    0.5   1.    1.  ]
0.825
----------------
('E', 'L')
[ 1.    0.5   0.5   0.75  0.75  1.    1.    1.    1.    0.5 ]
0.8
----------------
('E', 'M')
[ 0.5   0.5   0.75  0.75  1.    1.    1.    1.    1.    1.  ]
0.85
----------------
('E', 'N')
[ 1.    1.    1.    0.75  0.75  1.    1.    1.    1.    0.5 ]
0.9
----------------
('E', 'O')
[ 1.    1.    0.75  0.5   0.5   1.    1.    0.5   1.    0.5 ]
0.775
----------------
('E', 'P')
[ 1.    0.75  1.    0.5   0.75  1.    1.    0.5   1.    1.  ]
0.85
----------------
('E', 'Q')
[ 0.5   0.75  0.75  0.75  1.    1.    1.    1.    1.    1.  ]
0.875
----------------
('E', 'R')
[ 0.75  1.    1.    1.    0.5   1.    1.    0.5   1.    0.5 ]
0.825
----------------
('E', 'S')
[ 1.    0.75  1.    0.75  1.    0.5   1.    1.    1.    0.5 ]
0.85
----------------
('E', 'T')
[ 0.75  1.    1.    0.75  0.75  1.    1.    1.    1.    1.  ]
0.925
----------------
('E', 'U')
[ 1.    0.75  0.75  0.75  0.75  1.    1.    1.    0.5   0.5 ]
0.8
----------------
('E', 'V')
[ 0.75  1.    0.75  0.5   0.75  1.    1.    0.5   1.    1.  ]
0.825
----------------
('F', 'G')
[ 1.    0.75  0.5   0.5   1.    1.    1.    1.    0.5   1.  ]
0.825
----------------
('F', 'I')
[ 0.75  0.75  1.    1.    0.75  1.    0.5   1.    1.    1.  ]
0.875
----------------
('F', 'L')
[ 1.    0.75  0.5   0.5   1.    1.    0.5   1.    1.    1.  ]
0.825
----------------
('F', 'M')
[ 0.5   0.75  0.75  0.5   1.    1.    1.    1.    0.5   1.  ]
0.8
----------------
('F', 'N')
[ 1.   1.   1.   0.5  1.   1.   1.   1.   1.   0.5]
0.9
----------------
('F', 'O')
[ 0.75  1.    1.    0.5   0.75  1.    1.    0.5   0.5   0.5 ]
0.75
----------------
('F', 'P')
[ 0.5   0.75  0.75  0.5   1.    1.    1.    1.    1.    1.  ]
0.85
----------------
('F', 'Q')
[ 0.75  0.75  0.75  0.75  1.    1.    1.    1.    1.    1.  ]
0.9
----------------
('F', 'R')
[ 0.75  1.    1.    0.5   0.75  1.    1.    1.    1.    1.  ]
0.9
----------------
('F', 'S')
[ 1.    1.    1.    0.5   0.75  0.5   0.5   1.    1.    1.  ]
0.825
----------------
('F', 'T')
[ 0.75  0.75  0.75  0.5   1.    0.5   0.    1.    1.    0.  ]
0.625
----------------
('F', 'U')
[ 1.    0.75  1.    0.75  1.    1.    1.    1.    0.5   1.  ]
0.9
----------------
('F', 'V')
[ 0.75  1.    0.5   0.5   0.75  1.    1.    0.5   0.5   1.  ]
0.75
----------------
('G', 'I')
[ 1.   0.5  0.5  0.5  1.   1.   0.   1.   1.   1. ]
0.75
----------------
('G', 'L')
[ 0.75  0.75  0.5   0.75  0.75  1.    1.    1.    1.    0.5 ]
0.8
----------------
('G', 'M')
[ 0.5   0.5   0.5   0.5   0.75  1.    1.    1.    0.5   1.  ]
0.725
----------------
('G', 'N')
[ 1.    0.75  0.75  0.5   0.75  1.    1.    1.    1.    0.5 ]
0.825
----------------
('G', 'O')
[ 1.    0.75  0.75  0.5   0.5   1.    0.5   0.5   0.5   0.5 ]
0.65
----------------
('G', 'P')
[ 0.5   0.5   0.75  0.5   0.5   0.5   1.    0.5   1.    0.5 ]
0.625
----------------
('G', 'Q')
[ 0.75  0.75  0.5   1.    1.    1.    1.    1.    0.5   0.5 ]
0.8
----------------
('G', 'R')
[ 0.5   0.75  0.75  0.5   0.5   0.5   0.5   0.5   0.5   1.  ]
0.6
----------------
('G', 'S')
[ 0.5   1.    0.75  1.    1.    1.    0.5   0.5   0.    1.  ]
0.725
----------------
('G', 'T')
[ 1.    0.75  0.25  0.5   0.75  1.    0.5   0.5   0.5   0.5 ]
0.625
----------------
('G', 'U')
[ 1.    1.    0.5   0.5   0.75  0.5   1.    0.5   0.5   0.5 ]
0.675
----------------
('G', 'V')
[ 1.    0.75  0.5   1.    1.    0.5   0.5   0.5   0.    1.  ]
0.675
----------------
('I', 'L')
[ 0.75  0.75  0.5   0.5   0.75  1.    0.5   0.5   1.    1.  ]
0.725
----------------
('I', 'M')
[ 0.5   0.25  0.5   0.75  0.75  1.    0.5   1.    0.5   1.  ]
0.675
----------------
('I', 'N')
[ 0.75  0.75  0.25  0.5   1.    1.    0.5   1.    1.    1.  ]
0.775
----------------
('I', 'O')
[ 1.    0.75  0.5   0.25  0.5   0.5   1.    0.5   1.    0.5 ]
0.65
----------------
('I', 'P')
[ 0.5   0.5   0.5   0.75  1.    1.    1.    1.    1.    1.  ]
0.825
----------------
('I', 'Q')
[ 1.    0.75  0.5   0.5   0.5   0.5   1.    0.5   1.    1.  ]
0.725
----------------
('I', 'R')
[ 0.75  1.    0.5   0.75  0.75  1.    0.    0.5   1.    1.  ]
0.725
----------------
('I', 'S')
[ 1.    1.    1.    0.5   0.75  0.5   0.5   0.5   1.    0.5 ]
0.725
----------------
('I', 'T')
[ 0.75  1.    0.5   0.5   0.5   1.    1.    0.    1.    0.5 ]
0.675
----------------
('I', 'U')
[ 1.    0.75  0.75  0.5   0.75  1.    0.5   1.    0.5   1.  ]
0.775
----------------
('I', 'V')
[ 1.    1.    0.5   1.    0.75  1.    0.5   1.    1.    1.  ]
0.875
----------------
('L', 'M')
[ 0.75  0.5   0.5   0.75  1.    1.    1.    0.5   0.5   1.  ]
0.75
----------------
('L', 'N')
[ 1.    0.75  0.5   0.75  1.    1.    0.5   0.5   1.    0.5 ]
0.75
----------------
('L', 'O')
[ 1.    1.    0.75  0.5   1.    1.    0.5   0.5   0.5   0.5 ]
0.725
----------------
('L', 'P')
[ 0.5  0.5  0.5  0.5  0.5  1.   0.   0.5  1.   0.5]
0.55
----------------
('L', 'Q')
[ 0.5   0.5   0.25  0.75  1.    1.    1.    1.    1.    1.  ]
0.8
----------------
('L', 'R')
[ 0.75  0.75  0.25  1.    0.75  1.    0.5   1.    1.    1.  ]
0.8
----------------
('L', 'S')
[ 0.5   1.    0.5   0.5   0.75  1.    1.    0.5   0.5   1.  ]
0.725
----------------
('L', 'T')
[ 1.    0.75  0.5   0.5   1.    0.5   0.5   1.    1.    0.5 ]
0.725
----------------
('L', 'U')
[ 1.   1.   0.5  0.5  0.5  1.   0.5  1.   1.   1. ]
0.8
----------------
('L', 'V')
[ 1.    0.75  0.5   0.75  0.75  0.5   0.    1.    1.    0.5 ]
0.675
----------------
('M', 'N')
[ 0.5   1.    0.5   0.5   0.75  1.    0.5   1.    0.5   1.  ]
0.725
----------------
('M', 'O')
[ 0.5   0.75  0.5   0.75  1.    1.    1.    0.5   1.    0.5 ]
0.75
----------------
('M', 'P')
[ 0.5   0.75  0.5   0.75  1.    0.5   1.    0.5   1.    0.5 ]
0.7
----------------
('M', 'Q')
[ 0.5  0.5  0.5  0.5  1.   1.   1.   1.   1.   1. ]
0.8
----------------
('M', 'R')
[ 0.75  0.5   0.25  1.    0.75  1.    1.    1.    1.    1.  ]
0.825
----------------
('M', 'S')
[ 0.5   0.5   1.    1.    0.75  0.5   0.5   1.    0.    1.  ]
0.675
----------------
('M', 'T')
[ 0.5   0.75  0.75  0.75  1.    1.    1.    1.    1.    1.  ]
0.875
----------------
('M', 'U')
[ 0.5   0.5   1.    1.    0.75  1.    1.    1.    0.5   1.  ]
0.825
----------------
('M', 'V')
[ 0.5   0.5   0.75  0.75  1.    1.    0.5   1.    1.    1.  ]
0.8
----------------
('N', 'O')
[ 0.5  1.   0.5  0.5  1.   1.   1.   1.   0.5  0.5]
0.75
----------------
('N', 'P')
[ 0.25  0.5   0.25  0.75  0.75  0.5   1.    0.5   1.    1.  ]
0.65
----------------
('N', 'Q')
[ 0.75  0.5   0.5   0.75  0.75  1.    1.    0.5   0.5   0.5 ]
0.675
----------------
('N', 'R')
[ 0.75  1.    0.25  0.75  0.75  0.5   1.    1.    1.    1.  ]
0.8
----------------
('N', 'S')
[ 0.75  0.75  0.75  1.    1.    1.    1.    0.5   1.    1.  ]
0.875
----------------
('N', 'T')
[ 1.    1.    0.    0.5   0.75  1.    1.    1.    1.    1.  ]
0.825
----------------
('N', 'U')
[ 1.    0.5   0.75  0.5   0.75  1.    1.    1.    0.5   0.5 ]
0.75
----------------
('N', 'V')
[ 1.    1.    0.5   0.5   0.75  1.    0.5   1.    1.    1.  ]
0.825
----------------
('O', 'P')
[ 0.75  0.5   0.5   0.75  0.75  1.    1.    0.5   0.5   1.  ]
0.725
----------------
('O', 'Q')
[ 0.5   0.75  0.75  0.5   1.    1.    1.    1.    1.    1.  ]
0.85
----------------
('O', 'R')
[ 0.5   0.75  0.5   0.5   1.    1.    1.    1.    0.5   1.  ]
0.775
----------------
('O', 'S')
[ 0.75  1.    1.    0.5   1.    1.    0.5   1.    1.    1.  ]
0.875
----------------
('O', 'T')
[ 0.5   0.75  0.75  0.5   1.    1.    1.    0.5   0.5   0.5 ]
0.7
----------------
('O', 'U')
[ 0.75  1.    0.75  0.5   0.5   1.    1.    1.    0.    1.  ]
0.75
----------------
('O', 'V')
[ 0.75  1.    0.5   0.5   1.    1.    1.    1.    0.5   0.5 ]
0.775
----------------
('P', 'Q')
[ 0.75  0.5   0.5   1.    1.    1.    1.    0.5   1.    1.  ]
0.825
----------------
('P', 'R')
[ 0.5   0.75  0.5   1.    1.    0.    1.    1.    1.    1.  ]
0.775
----------------
('P', 'S')
[ 0.75  0.75  1.    0.75  1.    1.    0.5   0.5   1.    1.  ]
0.825
----------------
('P', 'T')
[ 0.75  0.5   0.5   0.5   1.    1.    1.    1.    1.    1.  ]
0.825
----------------
('P', 'U')
[ 0.5   0.5   1.    0.75  1.    0.5   1.    1.    0.5   1.  ]
0.775
----------------
('P', 'V')
[ 0.5   0.75  0.5   1.    1.    0.5   1.    1.    1.    1.  ]
0.825
----------------
('Q', 'R')
[ 0.5   0.75  0.5   0.75  0.75  1.    1.    1.    1.    0.5 ]
0.775
----------------
('Q', 'S')
[ 0.5  0.5  0.5  0.5  1.   1.   1.   0.5  1.   1. ]
0.75
----------------
('Q', 'T')
[ 0.5   1.    0.75  1.    0.75  1.    1.    0.5   1.    1.  ]
0.85
----------------
('Q', 'U')
[ 0.25  1.    0.5   0.75  1.    1.    1.    1.    0.5   1.  ]
0.8
----------------
('Q', 'V')
[ 0.5   0.75  0.75  1.    1.    1.    1.    1.    1.    1.  ]
0.9
----------------
('R', 'S')
[ 0.5  1.   1.   0.5  1.   1.   0.5  1.   0.5  1. ]
0.8
----------------
('R', 'T')
[ 0.5   1.    0.25  0.5   1.    1.    1.    0.5   1.    1.  ]
0.775
----------------
('R', 'U')
[ 0.75  0.5   0.25  0.75  0.75  1.    1.    1.    0.5   1.  ]
0.75
----------------
('R', 'V')
[ 0.5   0.75  0.5   0.5   0.75  1.    1.    0.5   0.5   0.5 ]
0.65
----------------
('S', 'T')
[ 1.    0.75  1.    0.5   0.5   1.    0.5   1.    1.    1.  ]
0.825
----------------
('S', 'U')
[ 1.    0.75  1.    0.5   0.75  1.    1.    1.    1.    1.  ]
0.9
----------------
('S', 'V')
[ 1.    0.75  0.5   0.75  1.    1.    1.    1.    1.    1.  ]
0.9
----------------
('T', 'U')
[ 1.    0.5   0.25  0.5   1.    1.    1.    1.    1.    0.5 ]
0.775
----------------
('T', 'V')
[ 0.5   1.    0.75  0.5   1.    1.    1.    0.5   1.    0.5 ]
0.775
----------------
('U', 'V')
[ 0.5   0.75  0.5   0.5   0.75  0.5   1.    1.    0.5   1.  ]
0.7
----------------
