----------------
('B', 'F')
[ 0.5   0.75  1.    0.5   0.25  0.5   0.5   0.5   0.5   1.  ]
0.6
----------------
('B', 'T')
[ 0.5   0.75  0.75  1.    0.25  0.5   1.    1.    0.5   0.5 ]
0.675
----------------
('C', 'O')
[ 0.5  0.5  0.5  0.5  0.5  1.   1.   0.5  1.   0.5]
0.65
----------------
('F', 'T')
[ 0.75  0.75  0.75  0.5   1.    0.5   0.    1.    1.    0.  ]
0.625
----------------
('G', 'O')
[ 1.    0.75  0.75  0.5   0.5   1.    0.5   0.5   0.5   0.5 ]
0.65
----------------
('G', 'P')
[ 0.5   0.5   0.75  0.5   0.5   0.5   1.    0.5   1.    0.5 ]
0.625
----------------
('G', 'R')
[ 0.5   0.75  0.75  0.5   0.5   0.5   0.5   0.5   0.5   1.  ]
0.6
----------------
('G', 'T')
[ 1.    0.75  0.25  0.5   0.75  1.    0.5   0.5   0.5   0.5 ]
0.625
----------------
('G', 'U')
[ 1.    1.    0.5   0.5   0.75  0.5   1.    0.5   0.5   0.5 ]
0.675
----------------
('G', 'V')
[ 1.    0.75  0.5   1.    1.    0.5   0.5   0.5   0.    1.  ]
0.675
----------------
('I', 'M')
[ 0.5   0.25  0.5   0.75  0.75  1.    0.5   1.    0.5   1.  ]
0.675
----------------
('I', 'O')
[ 1.    0.75  0.5   0.25  0.5   0.5   1.    0.5   1.    0.5 ]
0.65
----------------
('I', 'T')
[ 0.75  1.    0.5   0.5   0.5   1.    1.    0.    1.    0.5 ]
0.675
----------------
('L', 'V')
[ 1.    0.75  0.5   0.75  0.75  0.5   0.    1.    1.    0.5 ]
0.675
----------------
('M', 'S')
[ 0.5   0.5   1.    1.    0.75  0.5   0.5   1.    0.    1.  ]
0.675
----------------
('N', 'P')
[ 0.25  0.5   0.25  0.75  0.75  0.5   1.    0.5   1.    1.  ]
0.65
----------------
('N', 'Q')
[ 0.75  0.5   0.5   0.75  0.75  1.    1.    0.5   0.5   0.5 ]
0.675
----------------
('R', 'V')
[ 0.5   0.75  0.5   0.5   0.75  1.    1.    0.5   0.5   0.5 ]
0.65
